FLR,00000000000000000000000000000000,0000000000,0000,88
FLR,00000000000000000000000000000000,0000000000,0004,91
FLR,00000000000000000000000000000000,0000000000,0001,95
FLR,00000000000000000000000000000000,0000000000,0002,98
FLR,00000000000000000000000000000000,0000000000,0005,102
FLR,00000000000000000000000000000000,0000000001,0004,105
FLR,00000000000000000000000000000000,0000000001,0001,109
FLR,00000000000000000000000000000000,0000000000,0003,112
FLR,00000000000000000000000000000000,0000000001,0003,116
FLR,00000000000000000000000000000000,0000000002,0003,119
FLR,00000000000000000000000000000000,0000000001,0005,123
FLR,00000000000000000000000000000000,0000000001,0002,126
FLR,00000000000000000000000000000000,0000000001,0000,130
FLR,00000000000000000000000000000000,0000000002,0002,133
FLR,00000000000000000000000000000000,0000000002,0000,137
FLR,00000000000000000000000000000000,0000000003,0002,140
FLR,00000000000000000000000000000000,0000000002,0005,144
FLR,00000000000000000000000000000000,0000000002,0001,147
FLR,00000000000000000000000000000000,0000000003,0000,151
FLR,00000000000000000000000000000000,0000000003,0001,154
FLR,00000000000000000000000000000000,0000000004,0001,158
FLR,00000000000000000000000000000000,0000000005,0001,161
FLR,00000000000000000000000000000000,0000000002,0004,165
FLR,00000000000000000000000000000000,0000000003,0004,168
FLR,00000000000000000000000000000000,0000000004,0004,172
FLR,00000000000000000000000000000000,0000000004,0002,175
FLR,00000000000000000000000000000000,0000000003,0005,179
FLR,00000000000000000000000000000000,0000000004,0000,182
FLR,00000000000000000000000000000000,0000000005,0000,186
FLR,00000000000000000000000000000000,0000000006,0000,189
FLR,00000000000000000000000000000000,0000000003,0003,193
FLR,00000000000000000000000000000000,0000000004,0003,196
FLR,00000000000000000000000000000000,0000000005,0004,200
FLR,00000000000000000000000000000000,0000000005,0003,203
FLR,00000000000000000000000000000000,0000000004,0005,207
FLR,00000000000000000000000000000000,0000000007,0000,210
FLR,00000000000000000000000000000000,0000000006,0001,214
FLR,00000000000000000000000000000000,0000000005,0002,217
FLR,00000000000000000000000000000000,0000000006,0002,221
FLR,00000000000000000000000000000000,0000000006,0003,224
FLR,00000000000000000000000000000000,0000000005,0005,228
FLR,00000000000000000000000000000000,0000000006,0005,231
FLR,00000000000000000000000000000000,0000000006,0004,235
FLR,00000000000000000000000000000000,0000000008,0000,238
FLR,00000000000000000000000000000000,0000000009,0000,242
FLR,00000000000000000000000000000000,0000000007,0002,245
FLR,00000000000000000000000000000000,0000000007,0004,249
FLR,00000000000000000000000000000000,0000000007,0003,252
FLR,00000000000000000000000000000000,0000000007,0001,256
FLR,00000000000000000000000000000000,0000000007,0005,259
FLR,00000000000000000000000000000000,0000000008,0005,263
FLR,00000000000000000000000000000000,0000000008,0004,266
FLR,00000000000000000000000000000000,0000000009,0004,270
FLR,00000000000000000000000000000000,0000000008,0003,273
FLR,00000000000000000000000000000000,0000000008,0002,277
FLR,00000000000000000000000000000000,0000000008,0001,280
FLR,00000000000000000000000000000000,0000000009,0001,284
FLR,00000000000000000000000000000000,0000000009,0003,287
FLR,00000000000000000000000000000000,0000000009,0002,291
FLR,00000000000000000000000000000000,000000000A,0002,294
FLR,00000000000000000000000000000000,000000000A,0003,298
FLR,00000000000000000000000000000000,000000000A,0000,301
FLR,00000000000000000000000000000000,000000000B,0000,305
FLR,00000000000000000000000000000000,0000000009,0005,308
FLR,00000000000000000000000000000000,000000000A,0004,312
FLR,00000000000000000000000000000000,000000000B,0004,315
FLR,00000000000000000000000000000000,000000000B,0002,319
FLR,00000000000000000000000000000000,000000000A,0001,322
FLR,00000000000000000000000000000000,000000000B,0003,326
FLR,00000000000000000000000000000000,000000000B,0001,329
FLR,00000000000000000000000000000000,000000000C,0001,333
FLR,00000000000000000000000000000000,000000000C,0004,336
FLR,00000000000000000000000000000000,000000000C,0002,340
FLR,00000000000000000000000000000000,000000000A,0005,343
FLR,00000000000000000000000000000000,000000000B,0005,347
FLR,00000000000000000000000000000000,000000000D,0004,350
FLR,00000000000000000000000000000000,000000000C,0000,354
FLR,00000000000000000000000000000000,000000000C,0003,357
FLR,00000000000000000000000000000000,000000000D,0001,361
FLR,00000000000000000000000000000000,000000000C,0005,364
FLR,00000000000000000000000000000000,000000000D,0002,368
FLR,00000000000000000000000000000000,000000000E,0001,371
FLR,00000000000000000000000000000000,000000000D,0000,375
FLR,00000000000000000000000000000000,000000000E,0004,378
FLR,00000000000000000000000000000000,000000000E,0000,382
FLR,00000000000000000000000000000000,000000000E,0002,385
FLR,00000000000000000000000000000000,000000000D,0003,389
FLR,00000000000000000000000000000000,000000000F,0000,392
FLR,00000000000000000000000000000000,0000000010,0000,396
FLR,00000000000000000000000000000000,000000000D,0005,399
FLR,00000000000000000000000000000000,000000000E,0005,403
FLR,00000000000000000000000000000000,000000000F,0001,406
FLR,00000000000000000000000000000000,000000000E,0003,410
FLR,00000000000000000000000000000000,000000000F,0004,413
FLR,00000000000000000000000000000000,000000000F,0002,417
FLR,00000000000000000000000000000000,0000000010,0001,420
FLR,00000000000000000000000000000000,000000000F,0005,424
FLR,00000000000000000000000000000000,0000000010,0004,427
FLR,00000000000000000000000000000000,0000000010,0002,431
FLR,00000000000000000000000000000000,0000000011,0004,434
FLR,00000000000000000000000000000000,0000000010,0005,438
FLR,00000000000000000000000000000000,0000000011,0002,441
FLR,00000000000000000000000000000000,0000000012,0004,445
FLR,00000000000000000000000000000000,0000000011,0001,448
FLR,00000000000000000000000000000000,000000000F,0003,452
FLR,00000000000000000000000000000000,0000000010,0003,455
FLR,00000000000000000000000000000000,0000000011,0003,459
FLR,00000000000000000000000000000000,0000000012,0002,462
FLR,00000000000000000000000000000000,0000000011,0005,466
FLR,00000000000000000000000000000000,0000000011,0000,469
FLR,00000000000000000000000000000000,0000000012,0003,473
FLR,00000000000000000000000000000000,0000000012,0001,476
FLR,00000000000000000000000000000000,0000000012,0000,480
FLR,00000000000000000000000000000000,0000000013,0000,483
FLR,00000000000000000000000000000000,0000000012,0005,487
FLR,00000000000000000000000000000000,0000000013,0002,490
FLR,00000000000000000000000000000000,0000000013,0003,494
FLR,00000000000000000000000000000000,0000000013,0001,497
FLR,00000000000000000000000000000000,0000000013,0004,501
FLR,00000000000000000000000000000000,0000000014,0001,504
FLR,00000000000000000000000000000000,0000000014,0002,508
FLR,00000000000000000000000000000000,0000000014,0000,511
FLR,00000000000000000000000000000000,0000000013,0005,515
FLR,00000000000000000000000000000000,0000000014,0003,518
FLR,00000000000000000000000000000000,0000000014,0004,522
FLR,00000000000000000000000000000000,0000000015,0000,525
FLR,00000000000000000000000000000000,0000000015,0004,529
FLR,00000000000000000000000000000000,0000000014,0005,532
FLR,00000000000000000000000000000000,0000000015,0001,536
FLR,00000000000000000000000000000000,0000000015,0003,539
FLR,00000000000000000000000000000000,0000000015,0002,543
FLR,00000000000000000000000000000000,0000000015,0005,546
FLR,00000000000000000000000000000000,0000000016,0002,550
FLR,00000000000000000000000000000000,0000000016,0000,553
FLR,00000000000000000000000000000000,0000000016,0001,557
FLR,00000000000000000000000000000000,0000000016,0005,560
FLR,00000000000000000000000000000000,0000000016,0004,564
FLR,00000000000000000000000000000000,0000000017,0000,567
FLR,00000000000000000000000000000000,0000000016,0003,571
FLR,00000000000000000000000000000000,0000000017,0003,574
FLR,00000000000000000000000000000000,0000000017,0002,578
FLR,00000000000000000000000000000000,0000000017,0004,581
FLR,00000000000000000000000000000000,0000000017,0001,585
FLR,00000000000000000000000000000000,0000000018,0000,588
FLR,00000000000000000000000000000000,0000000018,0001,592
FLR,00000000000000000000000000000000,0000000017,0005,595
FLR,00000000000000000000000000000000,0000000018,0002,599
FLR,00000000000000000000000000000000,0000000018,0003,602
FLR,00000000000000000000000000000000,0000000018,0005,606
FLR,00000000000000000000000000000000,0000000019,0000,609
FLR,00000000000000000000000000000000,0000000018,0004,613
FLR,00000000000000000000000000000000,0000000019,0001,616
FLR,00000000000000000000000000000000,0000000019,0003,620
FLR,00000000000000000000000000000000,0000000019,0004,623
FLR,00000000000000000000000000000000,0000000019,0002,627
FLR,00000000000000000000000000000000,0000000019,0005,630
FLR,00000000000000000000000000000000,000000001A,0002,634
FLR,00000000000000000000000000000000,000000001A,0000,637
FLR,00000000000000000000000000000000,000000001A,0001,641
FLR,00000000000000000000000000000000,000000001A,0003,644
FLR,00000000000000000000000000000000,000000001B,0000,648
FLR,00000000000000000000000000000000,000000001A,0004,651
FLR,00000000000000000000000000000000,000000001B,0001,655
FLR,00000000000000000000000000000000,000000001A,0005,658
FLR,00000000000000000000000000000000,000000001B,0003,662
FLR,00000000000000000000000000000000,000000001B,0002,665
FLR,00000000000000000000000000000000,000000001B,0004,669
FLR,00000000000000000000000000000000,000000001B,0005,672
FLR,00000000000000000000000000000000,000000001C,0002,676
FLR,00000000000000000000000000000000,000000001C,0000,679
FLR,00000000000000000000000000000000,000000001C,0001,683
FLR,00000000000000000000000000000000,000000001C,0004,686
FLR,00000000000000000000000000000000,000000001C,0003,690
FLR,00000000000000000000000000000000,000000001D,0000,693
FLR,00000000000000000000000000000000,000000001C,0005,697
FLR,00000000000000000000000000000000,000000001D,0002,700
FLR,00000000000000000000000000000000,000000001D,0004,704
FLR,00000000000000000000000000000000,000000001D,0003,707
FLR,00000000000000000000000000000000,000000001D,0001,711
FLR,00000000000000000000000000000000,000000001D,0005,714
FLR,00000000000000000000000000000000,000000001E,0002,718
FLR,00000000000000000000000000000000,000000001E,0000,721
FLR,00000000000000000000000000000000,000000001E,0001,725
FLR,00000000000000000000000000000000,000000001E,0005,728
FLR,00000000000000000000000000000000,000000001F,0000,732
FLR,00000000000000000000000000000000,000000001E,0003,735
FLR,00000000000000000000000000000000,000000001E,0004,739
FLR,00000000000000000000000000000000,000000001F,0002,742
FLR,00000000000000000000000000000000,000000001F,0003,746
FLR,00000000000000000000000000000000,000000001F,0001,749
FLR,00000000000000000000000000000000,000000001F,0004,753
FLR,00000000000000000000000000000000,000000001F,0005,756
FLR,00000000000000000000000000000000,0000000020,0001,760
FLR,00000000000000000000000000000000,0000000020,0000,763
FLR,00000000000000000000000000000000,0000000020,0002,767
FLR,00000000000000000000000000000000,0000000020,0004,770
FLR,00000000000000000000000000000000,0000000021,0000,774
FLR,00000000000000000000000000000000,0000000020,0005,777
FLR,00000000000000000000000000000000,0000000020,0003,781
FLR,00000000000000000000000000000000,0000000021,0002,784
FLR,00000000000000000000000000000000,0000000021,0003,788
FLR,00000000000000000000000000000000,0000000021,0004,791
FLR,00000000000000000000000000000000,0000000021,0001,795
FLR,00000000000000000000000000000000,0000000022,0000,798
FLR,00000000000000000000000000000000,0000000022,0001,802
FLR,00000000000000000000000000000000,0000000021,0005,805
FLR,00000000000000000000000000000000,0000000022,0002,809
FLR,00000000000000000000000000000000,0000000022,0004,812
FLR,00000000000000000000000000000000,0000000022,0005,816
FLR,00000000000000000000000000000000,0000000022,0003,819
FLR,00000000000000000000000000000000,0000000023,0001,823
FLR,00000000000000000000000000000000,0000000023,0000,826
FLR,00000000000000000000000000000000,0000000023,0003,830
FLR,00000000000000000000000000000000,0000000023,0002,833
FLR,00000000000000000000000000000000,0000000023,0004,837
FLR,00000000000000000000000000000000,0000000024,0001,840
FLR,00000000000000000000000000000000,0000000024,0002,844
FLR,00000000000000000000000000000000,0000000024,0000,847
FLR,00000000000000000000000000000000,0000000023,0005,851
FLR,00000000000000000000000000000000,0000000025,0000,854
FLR,00000000000000000000000000000000,0000000024,0004,858
FLR,00000000000000000000000000000000,0000000024,0003,861
FLR,00000000000000000000000000000000,0000000024,0005,865
FLR,00000000000000000000000000000000,0000000025,0001,868
FLR,00000000000000000000000000000000,0000000025,0003,872
FLR,00000000000000000000000000000000,0000000025,0004,875
FLR,00000000000000000000000000000000,0000000026,0000,879
FLR,00000000000000000000000000000000,0000000025,0002,882
FLR,00000000000000000000000000000000,0000000026,0001,886
FLR,00000000000000000000000000000000,0000000025,0005,889
FLR,00000000000000000000000000000000,0000000026,0002,893
FLR,00000000000000000000000000000000,0000000026,0004,896
FLR,00000000000000000000000000000000,0000000026,0003,900
FLR,00000000000000000000000000000000,0000000027,0000,903
FLR,00000000000000000000000000000000,0000000026,0005,907
FLR,00000000000000000000000000000000,0000000027,0004,910
FLR,00000000000000000000000000000000,0000000027,0001,914
FLR,00000000000000000000000000000000,0000000027,0002,917
FLR,00000000000000000000000000000000,0000000027,0003,921
FLR,00000000000000000000000000000000,0000000028,0000,924
FLR,00000000000000000000000000000000,0000000028,0002,928
FLR,00000000000000000000000000000000,0000000027,0005,931
FLR,00000000000000000000000000000000,0000000028,0001,935
FLR,00000000000000000000000000000000,0000000028,0005,938
FLR,00000000000000000000000000000000,0000000028,0003,942
FLR,00000000000000000000000000000000,0000000029,0000,945
FLR,00000000000000000000000000000000,0000000028,0004,949
FLR,00000000000000000000000000000000,0000000029,0004,952
FLR,00000000000000000000000000000000,0000000029,0001,956
FLR,00000000000000000000000000000000,0000000029,0002,959
FLR,00000000000000000000000000000000,0000000029,0005,963
FLR,00000000000000000000000000000000,0000000029,0003,966
FLR,00000000000000000000000000000000,000000002A,0001,970
FLR,00000000000000000000000000000000,000000002A,0000,973
FLR,00000000000000000000000000000000,000000002A,0002,977
FLR,00000000000000000000000000000000,000000002A,0003,980
FLR,00000000000000000000000000000000,000000002A,0004,984
FLR,00000000000000000000000000000000,000000002A,0005,987
FLR,00000000000000000000000000000000,000000002B,0000,991
FLR,00000000000000000000000000000000,000000002B,0003,994
FLR,00000000000000000000000000000000,000000002B,0001,998
FLR,00000000000000000000000000000000,000000002B,0002,1001
FLR,00000000000000000000000000000000,000000002B,0004,1005
FLR,00000000000000000000000000000000,000000002C,0002,1008
FLR,00000000000000000000000000000000,000000002C,0000,1012
FLR,00000000000000000000000000000000,000000002B,0005,1015
FLR,00000000000000000000000000000000,000000002C,0001,1019
FLR,00000000000000000000000000000000,000000002C,0003,1022
FLR,00000000000000000000000000000000,000000002C,0004,1026
FLR,00000000000000000000000000000000,000000002D,0000,1029
FLR,00000000000000000000000000000000,000000002C,0005,1033
FLR,00000000000000000000000000000000,000000002D,0004,1036
FLR,00000000000000000000000000000000,000000002D,0002,1040
FLR,00000000000000000000000000000000,000000002D,0001,1043
FLR,00000000000000000000000000000000,000000002D,0003,1047
FLR,00000000000000000000000000000000,000000002D,0005,1050
FLR,00000000000000000000000000000000,000000002E,0002,1054
FLR,00000000000000000000000000000000,000000002E,0001,1057
FLR,00000000000000000000000000000000,000000002E,0000,1061
FLR,00000000000000000000000000000000,000000002E,0005,1064
FLR,00000000000000000000000000000000,000000002E,0003,1068
FLR,00000000000000000000000000000000,000000002F,0000,1071
FLR,00000000000000000000000000000000,000000002E,0004,1075
FLR,00000000000000000000000000000000,000000002F,0004,1078
FLR,00000000000000000000000000000000,000000002F,0002,1082
FLR,00000000000000000000000000000000,000000002F,0001,1085
FLR,00000000000000000000000000000000,000000002F,0003,1089
FLR,00000000000000000000000000000000,0000000030,0001,1092
FLR,00000000000000000000000000000000,0000000030,0000,1096
FLR,00000000000000000000000000000000,0000000030,0002,1099
FLR,00000000000000000000000000000000,000000002F,0005,1103
FLR,00000000000000000000000000000000,0000000030,0005,1106
FLR,00000000000000000000000000000000,0000000030,0003,1110
FLR,00000000000000000000000000000000,0000000030,0004,1113
FLR,00000000000000000000000000000000,0000000031,0002,1117
FLR,00000000000000000000000000000000,0000000031,0000,1120
FLR,00000000000000000000000000000000,0000000031,0003,1124
FLR,00000000000000000000000000000000,0000000031,0001,1127
FLR,00000000000000000000000000000000,0000000031,0004,1131
FLR,00000000000000000000000000000000,0000000032,0000,1134
FLR,00000000000000000000000000000000,0000000031,0005,1138
FLR,00000000000000000000000000000000,0000000032,0001,1141
FLR,00000000000000000000000000000000,0000000032,0002,1145
FLR,00000000000000000000000000000000,0000000032,0003,1148
FLR,00000000000000000000000000000000,0000000032,0005,1152
FLR,00000000000000000000000000000000,0000000033,0000,1155
FLR,00000000000000000000000000000000,0000000032,0004,1159
FLR,00000000000000000000000000000000,0000000033,0002,1162
FLR,00000000000000000000000000000000,0000000033,0004,1166
FLR,00000000000000000000000000000000,0000000033,0003,1169
FLR,00000000000000000000000000000000,0000000033,0001,1173
FLR,00000000000000000000000000000000,0000000033,0005,1176
FLR,00000000000000000000000000000000,0000000034,0000,1180
FLR,00000000000000000000000000000000,0000000034,0001,1183
FLR,00000000000000000000000000000000,0000000034,0002,1187
FLR,00000000000000000000000000000000,0000000035,0000,1190
FLR,00000000000000000000000000000000,0000000034,0005,1194
FLR,00000000000000000000000000000000,0000000034,0004,1197
FLR,00000000000000000000000000000000,0000000034,0003,1201
FLR,00000000000000000000000000000000,0000000035,0002,1204
FLR,00000000000000000000000000000000,0000000035,0001,1208
FLR,00000000000000000000000000000000,0000000035,0004,1211
FLR,00000000000000000000000000000000,0000000035,0003,1215
FLR,00000000000000000000000000000000,0000000036,0001,1218
FLR,00000000000000000000000000000000,0000000036,0004,1222
FLR,00000000000000000000000000000000,0000000035,0005,1225
FLR,00000000000000000000000000000000,0000000036,0000,1229
FLR,00000000000000000000000000000000,0000000036,0003,1232
FLR,00000000000000000000000000000000,0000000036,0002,1236
FLR,00000000000000000000000000000000,0000000037,0000,1239
FLR,00000000000000000000000000000000,0000000036,0005,1243
FLR,00000000000000000000000000000000,0000000037,0003,1246
FLR,00000000000000000000000000000000,0000000037,0004,1250
FLR,00000000000000000000000000000000,0000000037,0002,1253
FLR,00000000000000000000000000000000,0000000037,0001,1257
FLR,00000000000000000000000000000000,0000000038,0001,1260
FLR,00000000000000000000000000000000,0000000037,0005,1264
FLR,00000000000000000000000000000000,0000000038,0000,1267
FLR,00000000000000000000000000000000,0000000038,0003,1271
FLR,00000000000000000000000000000000,0000000038,0002,1274
FLR,00000000000000000000000000000000,0000000038,0005,1278
FLR,00000000000000000000000000000000,0000000039,0000,1281
FLR,00000000000000000000000000000000,0000000038,0004,1285
FLR,00000000000000000000000000000000,0000000039,0002,1288
FLR,00000000000000000000000000000000,0000000039,0003,1292
FLR,00000000000000000000000000000000,0000000039,0004,1295
FLR,00000000000000000000000000000000,0000000039,0001,1299
FLR,00000000000000000000000000000000,0000000039,0005,1302
FLR,00000000000000000000000000000000,000000003A,0001,1306
FLR,00000000000000000000000000000000,000000003A,0000,1309
FLR,00000000000000000000000000000000,000000003A,0002,1313
FLR,00000000000000000000000000000000,000000003A,0003,1316
FLR,00000000000000000000000000000000,000000003A,0005,1320
FLR,00000000000000000000000000000000,000000003A,0004,1323
FLR,00000000000000000000000000000000,000000003B,0000,1327
FLR,00000000000000000000000000000000,000000003B,0004,1330
FLR,00000000000000000000000000000000,000000003B,0002,1334
FLR,00000000000000000000000000000000,000000003B,0001,1337
FLR,00000000000000000000000000000000,000000003B,0003,1341
FLR,00000000000000000000000000000000,000000003C,0001,1344
FLR,00000000000000000000000000000000,000000003C,0000,1348
FLR,00000000000000000000000000000000,000000003B,0005,1351
FLR,00000000000000000000000000000000,000000003C,0002,1355
FLR,00000000000000000000000000000000,000000003C,0004,1358
FLR,00000000000000000000000000000000,000000003D,0000,1362
FLR,00000000000000000000000000000000,000000003C,0005,1365
FLR,00000000000000000000000000000000,000000003C,0003,1369
FLR,00000000000000000000000000000000,000000003D,0001,1372
FLR,00000000000000000000000000000000,000000003D,0004,1376
FLR,00000000000000000000000000000000,000000003D,0003,1379
FLR,00000000000000000000000000000000,000000003D,0002,1383
FLR,00000000000000000000000000000000,000000003E,0002,1386
FLR,00000000000000000000000000000000,000000003D,0005,1390
FLR,00000000000000000000000000000000,000000003E,0001,1393
FLR,00000000000000000000000000000000,000000003E,0000,1397
FLR,00000000000000000000000000000000,000000003E,0004,1400
FLR,00000000000000000000000000000000,000000003E,0003,1404
FLR,00000000000000000000000000000000,000000003E,0005,1407
FLR,00000000000000000000000000000000,000000003F,0000,1411
FLR,00000000000000000000000000000000,000000003F,0003,1414
FLR,00000000000000000000000000000000,000000003F,0004,1418
FLR,00000000000000000000000000000000,000000003F,0001,1421
FLR,00000000000000000000000000000000,0000000040,0001,1425
FLR,00000000000000000000000000000000,000000003F,0002,1428
FLR,00000000000000000000000000000000,0000000040,0000,1432
FLR,00000000000000000000000000000000,0000000040,0002,1435
FLR,00000000000000000000000000000000,0000000041,0000,1439
FLR,00000000000000000000000000000000,000000003F,0005,1442
FLR,00000000000000000000000000000000,0000000040,0005,1446
FLR,00000000000000000000000000000000,0000000040,0003,1449
FLR,00000000000000000000000000000000,0000000040,0004,1453
FLR,00000000000000000000000000000000,0000000041,0002,1456
FLR,00000000000000000000000000000000,0000000041,0001,1460
FLR,00000000000000000000000000000000,0000000041,0004,1463
FLR,00000000000000000000000000000000,0000000041,0003,1467
FLR,00000000000000000000000000000000,0000000042,0001,1470
FLR,00000000000000000000000000000000,0000000041,0005,1474
FLR,00000000000000000000000000000000,0000000042,0000,1477
FLR,00000000000000000000000000000000,0000000042,0002,1481
FLR,00000000000000000000000000000000,0000000042,0004,1484
FLR,00000000000000000000000000000000,0000000043,0000,1488
FLR,00000000000000000000000000000000,0000000042,0005,1491
FLR,00000000000000000000000000000000,0000000042,0003,1495
FLR,00000000000000000000000000000000,0000000043,0002,1498
FLR,00000000000000000000000000000000,0000000043,0001,1502
FLR,00000000000000000000000000000000,0000000043,0004,1505
FLR,00000000000000000000000000000000,0000000043,0003,1509
FLR,00000000000000000000000000000000,0000000044,0000,1512
FLR,00000000000000000000000000000000,0000000044,0001,1516
FLR,00000000000000000000000000000000,0000000043,0005,1519
FLR,00000000000000000000000000000000,0000000044,0002,1523
FLR,00000000000000000000000000000000,0000000044,0005,1526
FLR,00000000000000000000000000000000,0000000045,0000,1530
FLR,00000000000000000000000000000000,0000000044,0004,1533
FLR,00000000000000000000000000000000,0000000045,0002,1537
FLR,00000000000000000000000000000000,0000000044,0003,1540
FLR,00000000000000000000000000000000,0000000045,0001,1544
FLR,00000000000000000000000000000000,0000000045,0004,1547
FLR,00000000000000000000000000000000,0000000045,0003,1551
FLR,00000000000000000000000000000000,0000000046,0000,1554
FLR,00000000000000000000000000000000,0000000045,0005,1558
FLR,00000000000000000000000000000000,0000000046,0001,1561
FLR,00000000000000000000000000000000,0000000046,0002,1565
FLR,00000000000000000000000000000000,0000000046,0005,1568
FLR,00000000000000000000000000000000,0000000046,0004,1572
FLR,00000000000000000000000000000000,0000000046,0003,1575
FLR,00000000000000000000000000000000,0000000047,0000,1579
FLR,00000000000000000000000000000000,0000000047,0002,1582
FLR,00000000000000000000000000000000,0000000047,0004,1586
FLR,00000000000000000000000000000000,0000000047,0003,1589
FLR,00000000000000000000000000000000,0000000047,0001,1593
FLR,00000000000000000000000000000000,0000000048,0001,1596
FLR,00000000000000000000000000000000,0000000048,0002,1600
FLR,00000000000000000000000000000000,0000000047,0005,1603
FLR,00000000000000000000000000000000,0000000048,0000,1607
FLR,00000000000000000000000000000000,0000000048,0003,1610
FLR,00000000000000000000000000000000,0000000049,0000,1614
FLR,00000000000000000000000000000000,0000000048,0005,1617
FLR,00000000000000000000000000000000,0000000048,0004,1621
FLR,00000000000000000000000000000000,0000000049,0003,1624
FLR,00000000000000000000000000000000,0000000049,0001,1628
FLR,00000000000000000000000000000000,0000000049,0002,1631
FLR,00000000000000000000000000000000,0000000049,0004,1635
FLR,00000000000000000000000000000000,000000004A,0002,1638
FLR,00000000000000000000000000000000,000000004A,0001,1642
FLR,00000000000000000000000000000000,0000000049,0005,1645
FLR,00000000000000000000000000000000,000000004A,0000,1649
FLR,00000000000000000000000000000000,000000004A,0003,1652
FLR,00000000000000000000000000000000,000000004A,0004,1656
FLR,00000000000000000000000000000000,000000004A,0005,1659
FLR,00000000000000000000000000000000,000000004B,0003,1663
FLR,00000000000000000000000000000000,000000004B,0000,1666
FLR,00000000000000000000000000000000,000000004B,0002,1670
FLR,00000000000000000000000000000000,000000004B,0004,1673
FLR,00000000000000000000000000000000,000000004B,0001,1677
FLR,00000000000000000000000000000000,000000004C,0002,1680
FLR,00000000000000000000000000000000,000000004B,0005,1684
FLR,00000000000000000000000000000000,000000004C,0001,1687
FLR,00000000000000000000000000000000,000000004C,0000,1691
FLR,00000000000000000000000000000000,000000004C,0004,1694
FLR,00000000000000000000000000000000,000000004C,0003,1698
FLR,00000000000000000000000000000000,000000004C,0005,1701
FLR,00000000000000000000000000000000,000000004D,0000,1705
FLR,00000000000000000000000000000000,000000004D,0004,1708
FLR,00000000000000000000000000000000,000000004D,0001,1712
FLR,00000000000000000000000000000000,000000004D,0003,1715
FLR,00000000000000000000000000000000,000000004D,0002,1719
FLR,00000000000000000000000000000000,000000004E,0002,1722
FLR,00000000000000000000000000000000,000000004E,0001,1726
FLR,00000000000000000000000000000000,000000004D,0005,1729
FLR,00000000000000000000000000000000,000000004E,0000,1733
FLR,00000000000000000000000000000000,000000004E,0004,1736
FLR,00000000000000000000000000000000,000000004E,0003,1740
FLR,00000000000000000000000000000000,000000004E,0005,1743
FLR,00000000000000000000000000000000,000000004F,0000,1747
FLR,00000000000000000000000000000000,000000004F,0002,1750
FLR,00000000000000000000000000000000,000000004F,0001,1754
FLR,00000000000000000000000000000000,000000004F,0003,1757
FLR,00000000000000000000000000000000,000000004F,0005,1761
FLR,00000000000000000000000000000000,000000004F,0004,1764
FLR,00000000000000000000000000000000,0000000050,0001,1768
FLR,00000000000000000000000000000000,0000000050,0000,1771
FLR,00000000000000000000000000000000,0000000050,0003,1775
FLR,00000000000000000000000000000000,0000000050,0002,1778
FLR,00000000000000000000000000000000,0000000051,0000,1782
FLR,00000000000000000000000000000000,0000000050,0004,1785
FLR,00000000000000000000000000000000,0000000050,0005,1789
FLR,00000000000000000000000000000000,0000000051,0004,1792
FLR,00000000000000000000000000000000,0000000051,0003,1796
FLR,00000000000000000000000000000000,0000000051,0002,1799
FLR,00000000000000000000000000000000,0000000052,0000,1803
FLR,00000000000000000000000000000000,0000000052,0002,1806
FLR,00000000000000000000000000000000,0000000051,0001,1810
FLR,00000000000000000000000000000000,0000000051,0005,1813
FLR,00000000000000000000000000000000,0000000052,0001,1817
FLR,00000000000000000000000000000000,0000000052,0004,1820
FLR,00000000000000000000000000000000,0000000052,0005,1824
FLR,00000000000000000000000000000000,0000000052,0003,1827
FLR,00000000000000000000000000000000,0000000053,0000,1831
FLR,00000000000000000000000000000000,0000000053,0001,1834
FLR,00000000000000000000000000000000,0000000053,0003,1838
FLR,00000000000000000000000000000000,0000000053,0002,1841
FLR,00000000000000000000000000000000,0000000054,0000,1845
FLR,00000000000000000000000000000000,0000000053,0004,1848
FLR,00000000000000000000000000000000,0000000053,0005,1852
FLR,00000000000000000000000000000000,0000000054,0001,1855
FLR,00000000000000000000000000000000,0000000054,0002,1859
FLR,00000000000000000000000000000000,0000000054,0004,1862
FLR,00000000000000000000000000000000,0000000054,0005,1866
FLR,00000000000000000000000000000000,0000000054,0003,1869
FLR,00000000000000000000000000000000,0000000055,0000,1873
FLR,00000000000000000000000000000000,0000000055,0002,1876
FLR,00000000000000000000000000000000,0000000055,0001,1880
FLR,00000000000000000000000000000000,0000000055,0003,1883
FLR,00000000000000000000000000000000,0000000055,0004,1887
FLR,00000000000000000000000000000000,0000000055,0005,1890
FLR,00000000000000000000000000000000,0000000056,0001,1894
FLR,00000000000000000000000000000000,0000000056,0003,1897
FLR,00000000000000000000000000000000,0000000056,0000,1901
FLR,00000000000000000000000000000000,0000000056,0005,1904
FLR,00000000000000000000000000000000,0000000056,0002,1908
FLR,00000000000000000000000000000000,0000000056,0004,1911
FLR,00000000000000000000000000000000,0000000057,0000,1915
FLR,00000000000000000000000000000000,0000000057,0002,1918
FLR,00000000000000000000000000000000,0000000057,0001,1922
FLR,00000000000000000000000000000000,0000000057,0004,1925
FLR,00000000000000000000000000000000,0000000057,0003,1929
FLR,00000000000000000000000000000000,0000000058,0001,1932
FLR,00000000000000000000000000000000,0000000057,0005,1936
FLR,00000000000000000000000000000000,0000000058,0000,1939
FLR,00000000000000000000000000000000,0000000058,0002,1943
FLR,00000000000000000000000000000000,0000000059,0000,1946
FLR,00000000000000000000000000000000,0000000058,0003,1950
FLR,00000000000000000000000000000000,0000000058,0004,1953
FLR,00000000000000000000000000000000,0000000058,0005,1957
FLR,00000000000000000000000000000000,0000000059,0004,1960
FLR,00000000000000000000000000000000,0000000059,0001,1964
FLR,00000000000000000000000000000000,0000000059,0003,1967
FLR,00000000000000000000000000000000,0000000059,0002,1971
FLR,00000000000000000000000000000000,000000005A,0002,1974
FLR,00000000000000000000000000000000,000000005A,0000,1978
FLR,00000000000000000000000000000000,000000005A,0001,1981
FLR,00000000000000000000000000000000,0000000059,0005,1985
FLR,00000000000000000000000000000000,000000005A,0003,1988
FLR,00000000000000000000000000000000,000000005B,0000,1992
FLR,00000000000000000000000000000000,000000005A,0005,1995
FLR,00000000000000000000000000000000,000000005B,0002,1999
FLR,00000000000000000000000000000000,000000005A,0004,2002
FLR,00000000000000000000000000000000,000000005B,0004,2006
FLR,00000000000000000000000000000000,000000005B,0001,2009
FLR,00000000000000000000000000000000,000000005B,0003,2013
FLR,00000000000000000000000000000000,000000005B,0005,2016
FLR,00000000000000000000000000000000,000000005C,0002,2020
FLR,00000000000000000000000000000000,000000005C,0001,2023
FLR,00000000000000000000000000000000,000000005C,0000,2027
FLR,00000000000000000000000000000000,000000005C,0004,2030
FLR,00000000000000000000000000000000,000000005D,0000,2034
FLR,00000000000000000000000000000000,000000005C,0005,2037
FLR,00000000000000000000000000000000,000000005C,0003,2041
FLR,00000000000000000000000000000000,000000005D,0004,2044
FLR,00000000000000000000000000000000,000000005D,0002,2048
FLR,00000000000000000000000000000000,000000005D,0001,2051
FLR,00000000000000000000000000000000,000000005D,0005,2055
FLR,00000000000000000000000000000000,000000005D,0003,2058
FLR,00000000000000000000000000000000,000000005E,0000,2062
FLR,00000000000000000000000000000000,000000005E,0001,2065
FLR,00000000000000000000000000000000,000000005E,0003,2069
FLR,00000000000000000000000000000000,000000005E,0002,2072
FLR,00000000000000000000000000000000,000000005E,0005,2076
FLR,00000000000000000000000000000000,000000005E,0004,2079
FLR,00000000000000000000000000000000,000000005F,0000,2083
FLR,00000000000000000000000000000000,000000005F,0002,2086
FLR,00000000000000000000000000000000,000000005F,0004,2090
FLR,00000000000000000000000000000000,000000005F,0001,2093
FLR,00000000000000000000000000000000,000000005F,0003,2097
FLR,00000000000000000000000000000000,0000000060,0000,2100
FLR,00000000000000000000000000000000,000000005F,0005,2104
FLR,00000000000000000000000000000000,0000000060,0001,2107
FLR,00000000000000000000000000000000,0000000060,0002,2111
FLR,00000000000000000000000000000000,0000000060,0005,2114
FLR,00000000000000000000000000000000,0000000060,0004,2118
FLR,00000000000000000000000000000000,0000000060,0003,2121
FLR,00000000000000000000000000000000,0000000061,0000,2125
FLR,00000000000000000000000000000000,0000000061,0002,2128
FLR,00000000000000000000000000000000,0000000061,0003,2132
FLR,00000000000000000000000000000000,0000000061,0004,2135
FLR,00000000000000000000000000000000,0000000061,0001,2139
FLR,00000000000000000000000000000000,0000000062,0000,2142
FLR,00000000000000000000000000000000,0000000061,0005,2146
FLR,00000000000000000000000000000000,0000000062,0002,2149
FLR,00000000000000000000000000000000,0000000062,0001,2153
FLR,00000000000000000000000000000000,0000000062,0003,2156
FLR,00000000000000000000000000000000,0000000062,0005,2160
FLR,00000000000000000000000000000000,0000000063,0000,2163
FLR,00000000000000000000000000000000,0000000063,0001,2167
FLR,00000000000000000000000000000000,0000000062,0004,2170
FLR,00000000000000000000000000000000,0000000063,0004,2174
FLR,00000000000000000000000000000000,0000000063,0003,2177
FLR,00000000000000000000000000000000,0000000063,0002,2181
FLR,00000000000000000000000000000000,0000000064,0002,2184
FLR,00000000000000000000000000000000,0000000064,0001,2188
FLR,00000000000000000000000000000000,0000000064,0000,2191
FLR,00000000000000000000000000000000,0000000063,0005,2195
FLR,00000000000000000000000000000000,0000000064,0003,2198
FLR,00000000000000000000000000000000,0000000064,0004,2202
FLR,00000000000000000000000000000000,0000000064,0005,2205
FLR,00000000000000000000000000000000,0000000065,0000,2209
FLR,00000000000000000000000000000000,0000000065,0002,2212
FLR,00000000000000000000000000000000,0000000065,0001,2216
FLR,00000000000000000000000000000000,0000000065,0004,2219
FLR,00000000000000000000000000000000,0000000065,0003,2223
FLR,00000000000000000000000000000000,0000000066,0002,2226
FLR,00000000000000000000000000000000,0000000065,0005,2230
FLR,00000000000000000000000000000000,0000000066,0001,2233
FLR,00000000000000000000000000000000,0000000066,0000,2237
FLR,00000000000000000000000000000000,0000000067,0000,2240
FLR,00000000000000000000000000000000,0000000066,0003,2244
FLR,00000000000000000000000000000000,0000000066,0005,2247
FLR,00000000000000000000000000000000,0000000066,0004,2251
FLR,00000000000000000000000000000000,0000000067,0002,2254
FLR,00000000000000000000000000000000,0000000067,0003,2258
FLR,00000000000000000000000000000000,0000000067,0004,2261
FLR,00000000000000000000000000000000,0000000067,0001,2265
FLR,00000000000000000000000000000000,0000000068,0000,2268
FLR,00000000000000000000000000000000,0000000067,0005,2272
FLR,00000000000000000000000000000000,0000000068,0001,2275
FLR,00000000000000000000000000000000,0000000068,0002,2279
FLR,00000000000000000000000000000000,0000000068,0003,2282
FLR,00000000000000000000000000000000,0000000068,0005,2286
FLR,00000000000000000000000000000000,0000000068,0004,2289
FLR,00000000000000000000000000000000,0000000069,0000,2293
FLR,00000000000000000000000000000000,0000000069,0001,2296
FLR,00000000000000000000000000000000,0000000069,0004,2300
FLR,00000000000000000000000000000000,0000000069,0002,2303
FLR,00000000000000000000000000000000,000000006A,0001,2307
FLR,00000000000000000000000000000000,0000000069,0003,2310
FLR,00000000000000000000000000000000,0000000069,0005,2314
FLR,00000000000000000000000000000000,000000006A,0000,2317
FLR,00000000000000000000000000000000,000000006A,0002,2321
FLR,00000000000000000000000000000000,000000006A,0003,2324
FLR,00000000000000000000000000000000,000000006B,0000,2328
FLR,00000000000000000000000000000000,000000006A,0004,2331
FLR,00000000000000000000000000000000,000000006A,0005,2335
FLR,00000000000000000000000000000000,000000006B,0002,2338
FLR,00000000000000000000000000000000,000000006B,0001,2342
FLR,00000000000000000000000000000000,000000006B,0004,2345
FLR,00000000000000000000000000000000,000000006B,0003,2349
FLR,00000000000000000000000000000000,000000006B,0005,2352
FLR,00000000000000000000000000000000,000000006C,0000,2356
FLR,00000000000000000000000000000000,000000006C,0002,2359
FLR,00000000000000000000000000000000,000000006C,0001,2363
FLR,00000000000000000000000000000000,000000006C,0003,2366
FLR,00000000000000000000000000000000,000000006D,0000,2370
FLR,00000000000000000000000000000000,000000006C,0005,2373
FLR,00000000000000000000000000000000,000000006C,0004,2377
FLR,00000000000000000000000000000000,000000006D,0004,2380
FLR,00000000000000000000000000000000,000000006D,0001,2384
FLR,00000000000000000000000000000000,000000006D,0003,2387
FLR,00000000000000000000000000000000,000000006D,0002,2391
FLR,00000000000000000000000000000000,000000006E,0002,2394
FLR,00000000000000000000000000000000,000000006D,0005,2398
FLR,00000000000000000000000000000000,000000006E,0001,2401
FLR,00000000000000000000000000000000,000000006E,0000,2405
FLR,00000000000000000000000000000000,000000006E,0005,2408
FLR,00000000000000000000000000000000,000000006F,0000,2412
FLR,00000000000000000000000000000000,000000006E,0004,2415
FLR,00000000000000000000000000000000,000000006E,0003,2419
FLR,00000000000000000000000000000000,000000006F,0004,2422
FLR,00000000000000000000000000000000,000000006F,0001,2426
FLR,00000000000000000000000000000000,000000006F,0002,2429
FLR,00000000000000000000000000000000,000000006F,0005,2433
FLR,00000000000000000000000000000000,000000006F,0003,2436
FLR,00000000000000000000000000000000,0000000070,0002,2440
FLR,00000000000000000000000000000000,0000000070,0001,2443
FLR,00000000000000000000000000000000,0000000070,0000,2447
FLR,00000000000000000000000000000000,0000000071,0000,2450
FLR,00000000000000000000000000000000,0000000070,0003,2454
FLR,00000000000000000000000000000000,0000000070,0004,2457
FLR,00000000000000000000000000000000,0000000070,0005,2461
FLR,00000000000000000000000000000000,0000000071,0003,2464
FLR,00000000000000000000000000000000,0000000071,0002,2468
FLR,00000000000000000000000000000000,0000000071,0004,2471
FLR,00000000000000000000000000000000,0000000071,0001,2475
FLR,00000000000000000000000000000000,0000000072,0002,2478
FLR,00000000000000000000000000000000,0000000071,0005,2482
FLR,00000000000000000000000000000000,0000000072,0000,2485
FLR,00000000000000000000000000000000,0000000072,0001,2489
FLR,00000000000000000000000000000000,0000000072,0004,2492
FLR,00000000000000000000000000000000,0000000072,0003,2496
FLR,00000000000000000000000000000000,0000000072,0005,2499
FLR,00000000000000000000000000000000,0000000073,0000,2503
FLR,00000000000000000000000000000000,0000000073,0002,2506
FLR,00000000000000000000000000000000,0000000073,0004,2510
FLR,00000000000000000000000000000000,0000000073,0001,2513
FLR,00000000000000000000000000000000,0000000073,0003,2517
FLR,00000000000000000000000000000000,0000000074,0000,2520
FLR,00000000000000000000000000000000,0000000073,0005,2524
FLR,00000000000000000000000000000000,0000000074,0002,2527
FLR,00000000000000000000000000000000,0000000074,0001,2531
FLR,00000000000000000000000000000000,0000000075,0000,2534
FLR,00000000000000000000000000000000,0000000074,0003,2538
FLR,00000000000000000000000000000000,0000000074,0005,2541
FLR,00000000000000000000000000000000,0000000074,0004,2545
FLR,00000000000000000000000000000000,0000000075,0001,2548
FLR,00000000000000000000000000000000,0000000075,0004,2552
FLR,00000000000000000000000000000000,0000000075,0002,2555
FLR,00000000000000000000000000000000,0000000075,0003,2559
FLR,00000000000000000000000000000000,0000000076,0000,2562
FLR,00000000000000000000000000000000,0000000076,0002,2566
FLR,00000000000000000000000000000000,0000000076,0001,2569
FLR,00000000000000000000000000000000,0000000075,0005,2573
FLR,00000000000000000000000000000000,0000000076,0003,2576
FLR,00000000000000000000000000000000,0000000077,0000,2580
FLR,00000000000000000000000000000000,0000000076,0005,2583
FLR,00000000000000000000000000000000,0000000076,0004,2587
FLR,00000000000000000000000000000000,0000000077,0002,2590
FLR,00000000000000000000000000000000,0000000077,0001,2594
FLR,00000000000000000000000000000000,0000000077,0003,2597
FLR,00000000000000000000000000000000,0000000077,0005,2601
FLR,00000000000000000000000000000000,0000000077,0004,2604
FLR,00000000000000000000000000000000,0000000078,0001,2608
FLR,00000000000000000000000000000000,0000000078,0002,2611
FLR,00000000000000000000000000000000,0000000078,0000,2615
FLR,00000000000000000000000000000000,0000000078,0005,2618
FLR,00000000000000000000000000000000,0000000078,0003,2622
FLR,00000000000000000000000000000000,0000000078,0004,2625
FLR,00000000000000000000000000000000,0000000079,0000,2629
FLR,00000000000000000000000000000000,0000000079,0003,2632
FLR,00000000000000000000000000000000,0000000079,0002,2636
FLR,00000000000000000000000000000000,0000000079,0001,2639
FLR,00000000000000000000000000000000,0000000079,0004,2643
FLR,00000000000000000000000000000000,000000007A,0000,2646
FLR,00000000000000000000000000000000,0000000079,0005,2650
FLR,00000000000000000000000000000000,000000007A,0001,2653
FLR,00000000000000000000000000000000,000000007A,0003,2657
FLR,00000000000000000000000000000000,000000007A,0002,2660
FLR,00000000000000000000000000000000,000000007A,0005,2664
FLR,00000000000000000000000000000000,000000007B,0000,2667
FLR,00000000000000000000000000000000,000000007A,0004,2670
FLR,00000000000000000000000000000000,000000007B,0003,2673
FLR,00000000000000000000000000000000,000000007B,0001,2676
FLR,00000000000000000000000000000000,000000007B,0002,2679
FLR,00000000000000000000000000000000,000000007B,0004,2682
FLR,00000000000000000000000000000000,000000007C,0001,2685
FLR,00000000000000000000000000000000,000000007B,0005,2688
FLR,00000000000000000000000000000000,000000007C,0000,2691
FLR,00000000000000000000000000000000,000000007C,0002,2694
FLR,00000000000000000000000000000000,000000007C,0003,2697
FLR,00000000000000000000000000000000,000000007C,0005,2700
FLR,00000000000000000000000000000000,000000007C,0004,2703
FLR,00000000000000000000000000000000,000000007D,0000,2706
FLR,00000000000000000000000000000000,000000007D,0003,2709
FLR,00000000000000000000000000000000,000000007D,0004,2712
FLR,00000000000000000000000000000000,000000007D,0001,2715
FLR,00000000000000000000000000000000,000000007D,0002,2718
FLR,00000000000000000000000000000000,000000007D,0005,2721
FLR,00000000000000000000000000000000,000000007E,0002,2724
FLR,00000000000000000000000000000000,000000007E,0000,2727
FLR,00000000000000000000000000000000,000000007E,0001,2730
FLR,00000000000000000000000000000000,000000007E,0003,2733
FLR,00000000000000000000000000000000,000000007F,0000,2736
FLR,00000000000000000000000000000000,000000007E,0005,2739
FLR,00000000000000000000000000000000,000000007E,0004,2742
FLR,00000000000000000000000000000000,000000007F,0001,2745
FLR,00000000000000000000000000000000,000000007F,0003,2748
FLR,00000000000000000000000000000000,000000007F,0002,2751
FLR,00000000000000000000000000000000,000000007F,0004,2754
FLR,00000000000000000000000000000000,000000007F,0005,2757
