FLR,00000000000000000000000000000000,0000000000,0000,72
FLR,00000000000000000000000000000000,0000000000,0004,75
FLR,00000000000000000000000000000000,0000000000,0001,79
FLR,00000000000000000000000000000000,0000000000,0002,82
FLR,00000000000000000000000000000000,0000000000,0005,86
FLR,00000000000000000000000000000000,0000000001,0004,89
FLR,00000000000000000000000000000000,0000000001,0001,93
FLR,00000000000000000000000000000000,0000000000,0003,96
FLR,00000000000000000000000000000000,0000000001,0003,100
FLR,00000000000000000000000000000000,0000000002,0003,103
FLR,00000000000000000000000000000000,0000000001,0005,107
FLR,00000000000000000000000000000000,0000000001,0002,110
FLR,00000000000000000000000000000000,0000000001,0000,114
FLR,00000000000000000000000000000000,0000000002,0002,117
FLR,00000000000000000000000000000000,0000000002,0000,121
FLR,00000000000000000000000000000000,0000000003,0002,124
FLR,00000000000000000000000000000000,0000000002,0005,128
FLR,00000000000000000000000000000000,0000000002,0001,131
FLR,00000000000000000000000000000000,0000000003,0000,135
FLR,00000000000000000000000000000000,0000000003,0001,138
FLR,00000000000000000000000000000000,0000000004,0001,142
FLR,00000000000000000000000000000000,0000000005,0001,145
FLR,00000000000000000000000000000000,0000000002,0004,149
FLR,00000000000000000000000000000000,0000000003,0004,152
FLR,00000000000000000000000000000000,0000000004,0004,156
FLR,00000000000000000000000000000000,0000000004,0002,159
FLR,00000000000000000000000000000000,0000000003,0005,163
FLR,00000000000000000000000000000000,0000000004,0000,166
FLR,00000000000000000000000000000000,0000000005,0000,170
FLR,00000000000000000000000000000000,0000000006,0000,173
FLR,00000000000000000000000000000000,0000000003,0003,177
FLR,00000000000000000000000000000000,0000000004,0003,180
FLR,00000000000000000000000000000000,0000000005,0004,184
FLR,00000000000000000000000000000000,0000000005,0003,187
FLR,00000000000000000000000000000000,0000000004,0005,191
FLR,00000000000000000000000000000000,0000000007,0000,194
FLR,00000000000000000000000000000000,0000000006,0001,198
FLR,00000000000000000000000000000000,0000000005,0002,201
FLR,00000000000000000000000000000000,0000000006,0002,205
FLR,00000000000000000000000000000000,0000000006,0003,208
FLR,00000000000000000000000000000000,0000000005,0005,212
FLR,00000000000000000000000000000000,0000000006,0005,215
FLR,00000000000000000000000000000000,0000000006,0004,219
FLR,00000000000000000000000000000000,0000000008,0000,222
FLR,00000000000000000000000000000000,0000000009,0000,226
FLR,00000000000000000000000000000000,0000000007,0002,229
FLR,00000000000000000000000000000000,0000000007,0004,233
FLR,00000000000000000000000000000000,0000000007,0003,236
FLR,00000000000000000000000000000000,0000000007,0001,240
FLR,00000000000000000000000000000000,0000000007,0005,243
FLR,00000000000000000000000000000000,0000000008,0005,247
FLR,00000000000000000000000000000000,0000000008,0004,250
FLR,00000000000000000000000000000000,0000000009,0004,254
FLR,00000000000000000000000000000000,0000000008,0003,257
FLR,00000000000000000000000000000000,0000000008,0002,261
FLR,00000000000000000000000000000000,0000000008,0001,264
FLR,00000000000000000000000000000000,0000000009,0001,268
FLR,00000000000000000000000000000000,0000000009,0003,271
FLR,00000000000000000000000000000000,0000000009,0002,275
FLR,00000000000000000000000000000000,000000000A,0002,278
FLR,00000000000000000000000000000000,000000000A,0003,282
FLR,00000000000000000000000000000000,000000000A,0000,285
FLR,00000000000000000000000000000000,000000000B,0000,289
FLR,00000000000000000000000000000000,0000000009,0005,292
FLR,00000000000000000000000000000000,000000000A,0004,296
FLR,00000000000000000000000000000000,000000000B,0004,299
FLR,00000000000000000000000000000000,000000000B,0002,303
FLR,00000000000000000000000000000000,000000000A,0001,306
FLR,00000000000000000000000000000000,000000000B,0003,310
FLR,00000000000000000000000000000000,000000000B,0001,313
FLR,00000000000000000000000000000000,000000000C,0001,317
FLR,00000000000000000000000000000000,000000000C,0004,320
FLR,00000000000000000000000000000000,000000000C,0002,324
FLR,00000000000000000000000000000000,000000000A,0005,327
FLR,00000000000000000000000000000000,000000000B,0005,331
FLR,00000000000000000000000000000000,000000000D,0004,334
FLR,00000000000000000000000000000000,000000000C,0000,338
FLR,00000000000000000000000000000000,000000000C,0003,341
FLR,00000000000000000000000000000000,000000000D,0001,345
FLR,00000000000000000000000000000000,000000000C,0005,348
FLR,00000000000000000000000000000000,000000000D,0002,352
FLR,00000000000000000000000000000000,000000000E,0001,355
FLR,00000000000000000000000000000000,000000000D,0000,359
FLR,00000000000000000000000000000000,000000000E,0004,362
FLR,00000000000000000000000000000000,000000000E,0000,366
FLR,00000000000000000000000000000000,000000000E,0002,369
FLR,00000000000000000000000000000000,000000000D,0003,373
FLR,00000000000000000000000000000000,000000000F,0000,376
FLR,00000000000000000000000000000000,0000000010,0000,380
FLR,00000000000000000000000000000000,000000000D,0005,383
FLR,00000000000000000000000000000000,000000000E,0005,387
FLR,00000000000000000000000000000000,000000000F,0001,390
FLR,00000000000000000000000000000000,000000000E,0003,394
FLR,00000000000000000000000000000000,000000000F,0004,397
FLR,00000000000000000000000000000000,000000000F,0002,401
FLR,00000000000000000000000000000000,0000000010,0001,404
FLR,00000000000000000000000000000000,000000000F,0005,408
FLR,00000000000000000000000000000000,0000000010,0002,411
FLR,00000000000000000000000000000000,000000000F,0003,415
FLR,00000000000000000000000000000000,0000000010,0004,418
FLR,00000000000000000000000000000000,0000000010,0003,422
FLR,00000000000000000000000000000000,0000000010,0005,425
FLR,00000000000000000000000000000000,0000000011,0000,429
FLR,00000000000000000000000000000000,0000000011,0004,432
FLR,00000000000000000000000000000000,0000000011,0003,436
FLR,00000000000000000000000000000000,0000000011,0002,439
FLR,00000000000000000000000000000000,0000000011,0001,443
FLR,00000000000000000000000000000000,0000000012,0002,446
FLR,00000000000000000000000000000000,0000000011,0005,450
FLR,00000000000000000000000000000000,0000000012,0001,453
FLR,00000000000000000000000000000000,0000000012,0004,457
FLR,00000000000000000000000000000000,0000000012,0000,460
FLR,00000000000000000000000000000000,0000000013,0000,464
FLR,00000000000000000000000000000000,0000000012,0003,467
FLR,00000000000000000000000000000000,0000000012,0005,471
FLR,00000000000000000000000000000000,0000000013,0002,474
FLR,00000000000000000000000000000000,0000000013,0003,478
FLR,00000000000000000000000000000000,0000000013,0001,481
FLR,00000000000000000000000000000000,0000000013,0004,485
FLR,00000000000000000000000000000000,0000000014,0001,488
FLR,00000000000000000000000000000000,0000000014,0002,492
FLR,00000000000000000000000000000000,0000000014,0000,495
FLR,00000000000000000000000000000000,0000000013,0005,499
FLR,00000000000000000000000000000000,0000000014,0003,502
FLR,00000000000000000000000000000000,0000000014,0004,506
FLR,00000000000000000000000000000000,0000000015,0000,509
FLR,00000000000000000000000000000000,0000000015,0004,513
FLR,00000000000000000000000000000000,0000000014,0005,516
FLR,00000000000000000000000000000000,0000000015,0001,520
FLR,00000000000000000000000000000000,0000000015,0003,523
FLR,00000000000000000000000000000000,0000000015,0002,527
FLR,00000000000000000000000000000000,0000000015,0005,530
FLR,00000000000000000000000000000000,0000000016,0002,534
FLR,00000000000000000000000000000000,0000000016,0000,537
FLR,00000000000000000000000000000000,0000000016,0001,541
FLR,00000000000000000000000000000000,0000000016,0005,544
FLR,00000000000000000000000000000000,0000000016,0004,548
FLR,00000000000000000000000000000000,0000000017,0000,551
FLR,00000000000000000000000000000000,0000000016,0003,555
FLR,00000000000000000000000000000000,0000000017,0003,558
FLR,00000000000000000000000000000000,0000000017,0002,562
FLR,00000000000000000000000000000000,0000000017,0004,565
FLR,00000000000000000000000000000000,0000000017,0001,569
FLR,00000000000000000000000000000000,0000000018,0000,572
FLR,00000000000000000000000000000000,0000000018,0001,576
FLR,00000000000000000000000000000000,0000000017,0005,579
FLR,00000000000000000000000000000000,0000000018,0002,583
FLR,00000000000000000000000000000000,0000000018,0003,586
FLR,00000000000000000000000000000000,0000000018,0005,590
FLR,00000000000000000000000000000000,0000000019,0000,593
FLR,00000000000000000000000000000000,0000000018,0004,597
FLR,00000000000000000000000000000000,0000000019,0001,600
FLR,00000000000000000000000000000000,0000000019,0003,604
FLR,00000000000000000000000000000000,0000000019,0004,607
FLR,00000000000000000000000000000000,0000000019,0002,611
FLR,00000000000000000000000000000000,0000000019,0005,614
FLR,00000000000000000000000000000000,000000001A,0002,618
FLR,00000000000000000000000000000000,000000001A,0000,621
FLR,00000000000000000000000000000000,000000001A,0001,625
FLR,00000000000000000000000000000000,000000001A,0003,628
FLR,00000000000000000000000000000000,000000001B,0000,632
FLR,00000000000000000000000000000000,000000001A,0004,635
FLR,00000000000000000000000000000000,000000001B,0001,639
FLR,00000000000000000000000000000000,000000001A,0005,642
FLR,00000000000000000000000000000000,000000001B,0003,646
FLR,00000000000000000000000000000000,000000001B,0002,649
FLR,00000000000000000000000000000000,000000001B,0004,653
FLR,00000000000000000000000000000000,000000001B,0005,656
FLR,00000000000000000000000000000000,000000001C,0002,660
FLR,00000000000000000000000000000000,000000001C,0000,663
FLR,00000000000000000000000000000000,000000001C,0001,667
FLR,00000000000000000000000000000000,000000001C,0004,670
FLR,00000000000000000000000000000000,000000001C,0003,674
FLR,00000000000000000000000000000000,000000001D,0000,677
FLR,00000000000000000000000000000000,000000001C,0005,681
FLR,00000000000000000000000000000000,000000001D,0002,684
FLR,00000000000000000000000000000000,000000001D,0004,688
FLR,00000000000000000000000000000000,000000001D,0003,691
FLR,00000000000000000000000000000000,000000001D,0001,695
FLR,00000000000000000000000000000000,000000001D,0005,698
FLR,00000000000000000000000000000000,000000001E,0002,702
FLR,00000000000000000000000000000000,000000001E,0000,705
FLR,00000000000000000000000000000000,000000001E,0001,709
FLR,00000000000000000000000000000000,000000001E,0005,712
FLR,00000000000000000000000000000000,000000001F,0000,716
FLR,00000000000000000000000000000000,000000001E,0003,719
FLR,00000000000000000000000000000000,000000001E,0004,723
FLR,00000000000000000000000000000000,000000001F,0002,726
FLR,00000000000000000000000000000000,000000001F,0003,730
FLR,00000000000000000000000000000000,000000001F,0001,733
FLR,00000000000000000000000000000000,000000001F,0004,737
FLR,00000000000000000000000000000000,000000001F,0005,740
FLR,00000000000000000000000000000000,0000000020,0001,744
FLR,00000000000000000000000000000000,0000000020,0000,747
FLR,00000000000000000000000000000000,0000000020,0002,751
FLR,00000000000000000000000000000000,0000000020,0004,754
FLR,00000000000000000000000000000000,0000000021,0000,758
FLR,00000000000000000000000000000000,0000000020,0005,761
FLR,00000000000000000000000000000000,0000000020,0003,765
FLR,00000000000000000000000000000000,0000000021,0002,768
FLR,00000000000000000000000000000000,0000000021,0003,772
FLR,00000000000000000000000000000000,0000000021,0004,775
FLR,00000000000000000000000000000000,0000000021,0001,779
FLR,00000000000000000000000000000000,0000000022,0000,782
FLR,00000000000000000000000000000000,0000000022,0001,786
FLR,00000000000000000000000000000000,0000000021,0005,789
FLR,00000000000000000000000000000000,0000000022,0002,793
FLR,00000000000000000000000000000000,0000000022,0004,796
FLR,00000000000000000000000000000000,0000000022,0005,800
FLR,00000000000000000000000000000000,0000000022,0003,803
FLR,00000000000000000000000000000000,0000000023,0001,807
FLR,00000000000000000000000000000000,0000000023,0000,810
FLR,00000000000000000000000000000000,0000000023,0003,814
FLR,00000000000000000000000000000000,0000000023,0002,817
FLR,00000000000000000000000000000000,0000000023,0004,821
FLR,00000000000000000000000000000000,0000000024,0001,824
FLR,00000000000000000000000000000000,0000000024,0002,828
FLR,00000000000000000000000000000000,0000000024,0000,831
FLR,00000000000000000000000000000000,0000000023,0005,835
FLR,00000000000000000000000000000000,0000000025,0000,838
FLR,00000000000000000000000000000000,0000000024,0004,842
FLR,00000000000000000000000000000000,0000000024,0003,845
FLR,00000000000000000000000000000000,0000000024,0005,849
FLR,00000000000000000000000000000000,0000000025,0001,852
FLR,00000000000000000000000000000000,0000000025,0003,856
FLR,00000000000000000000000000000000,0000000025,0004,859
FLR,00000000000000000000000000000000,0000000026,0000,863
FLR,00000000000000000000000000000000,0000000025,0002,866
FLR,00000000000000000000000000000000,0000000026,0001,870
FLR,00000000000000000000000000000000,0000000025,0005,873
FLR,00000000000000000000000000000000,0000000026,0002,877
FLR,00000000000000000000000000000000,0000000026,0004,880
FLR,00000000000000000000000000000000,0000000026,0003,884
FLR,00000000000000000000000000000000,0000000027,0000,887
FLR,00000000000000000000000000000000,0000000026,0005,891
FLR,00000000000000000000000000000000,0000000027,0004,894
FLR,00000000000000000000000000000000,0000000027,0001,898
FLR,00000000000000000000000000000000,0000000027,0002,901
FLR,00000000000000000000000000000000,0000000027,0003,905
FLR,00000000000000000000000000000000,0000000028,0000,908
FLR,00000000000000000000000000000000,0000000028,0002,912
FLR,00000000000000000000000000000000,0000000027,0005,915
FLR,00000000000000000000000000000000,0000000028,0001,919
FLR,00000000000000000000000000000000,0000000028,0005,922
FLR,00000000000000000000000000000000,0000000028,0003,926
FLR,00000000000000000000000000000000,0000000029,0000,929
FLR,00000000000000000000000000000000,0000000028,0004,933
FLR,00000000000000000000000000000000,0000000029,0004,936
FLR,00000000000000000000000000000000,0000000029,0001,940
FLR,00000000000000000000000000000000,0000000029,0002,943
FLR,00000000000000000000000000000000,0000000029,0005,947
FLR,00000000000000000000000000000000,0000000029,0003,950
FLR,00000000000000000000000000000000,000000002A,0001,954
FLR,00000000000000000000000000000000,000000002A,0000,957
FLR,00000000000000000000000000000000,000000002A,0002,961
FLR,00000000000000000000000000000000,000000002A,0003,964
FLR,00000000000000000000000000000000,000000002A,0004,968
FLR,00000000000000000000000000000000,000000002A,0005,971
FLR,00000000000000000000000000000000,000000002B,0000,975
FLR,00000000000000000000000000000000,000000002B,0003,978
FLR,00000000000000000000000000000000,000000002B,0001,982
FLR,00000000000000000000000000000000,000000002B,0002,985
FLR,00000000000000000000000000000000,000000002B,0004,989
FLR,00000000000000000000000000000000,000000002C,0002,992
FLR,00000000000000000000000000000000,000000002C,0000,996
FLR,00000000000000000000000000000000,000000002B,0005,999
FLR,00000000000000000000000000000000,000000002C,0001,1003
FLR,00000000000000000000000000000000,000000002C,0003,1006
FLR,00000000000000000000000000000000,000000002C,0004,1010
FLR,00000000000000000000000000000000,000000002D,0000,1013
FLR,00000000000000000000000000000000,000000002C,0005,1017
FLR,00000000000000000000000000000000,000000002D,0004,1020
FLR,00000000000000000000000000000000,000000002D,0002,1024
FLR,00000000000000000000000000000000,000000002D,0001,1027
FLR,00000000000000000000000000000000,000000002D,0003,1031
FLR,00000000000000000000000000000000,000000002D,0005,1034
FLR,00000000000000000000000000000000,000000002E,0002,1038
FLR,00000000000000000000000000000000,000000002E,0001,1041
FLR,00000000000000000000000000000000,000000002E,0000,1045
FLR,00000000000000000000000000000000,000000002E,0005,1048
FLR,00000000000000000000000000000000,000000002E,0003,1052
FLR,00000000000000000000000000000000,000000002F,0000,1055
FLR,00000000000000000000000000000000,000000002E,0004,1059
FLR,00000000000000000000000000000000,000000002F,0004,1062
FLR,00000000000000000000000000000000,000000002F,0002,1066
FLR,00000000000000000000000000000000,000000002F,0001,1069
FLR,00000000000000000000000000000000,000000002F,0003,1073
FLR,00000000000000000000000000000000,0000000030,0001,1076
FLR,00000000000000000000000000000000,0000000030,0000,1080
FLR,00000000000000000000000000000000,0000000030,0002,1083
FLR,00000000000000000000000000000000,000000002F,0005,1087
FLR,00000000000000000000000000000000,0000000030,0005,1090
FLR,00000000000000000000000000000000,0000000030,0003,1094
FLR,00000000000000000000000000000000,0000000030,0004,1097
FLR,00000000000000000000000000000000,0000000031,0002,1101
FLR,00000000000000000000000000000000,0000000031,0000,1104
FLR,00000000000000000000000000000000,0000000031,0003,1108
FLR,00000000000000000000000000000000,0000000031,0001,1111
FLR,00000000000000000000000000000000,0000000031,0004,1115
FLR,00000000000000000000000000000000,0000000032,0000,1118
FLR,00000000000000000000000000000000,0000000031,0005,1122
FLR,00000000000000000000000000000000,0000000032,0001,1125
FLR,00000000000000000000000000000000,0000000032,0002,1129
FLR,00000000000000000000000000000000,0000000032,0003,1132
FLR,00000000000000000000000000000000,0000000032,0005,1136
FLR,00000000000000000000000000000000,0000000033,0000,1139
FLR,00000000000000000000000000000000,0000000032,0004,1143
FLR,00000000000000000000000000000000,0000000033,0002,1146
FLR,00000000000000000000000000000000,0000000033,0004,1150
FLR,00000000000000000000000000000000,0000000033,0003,1153
FLR,00000000000000000000000000000000,0000000033,0001,1157
FLR,00000000000000000000000000000000,0000000033,0005,1160
FLR,00000000000000000000000000000000,0000000034,0000,1164
FLR,00000000000000000000000000000000,0000000034,0001,1167
FLR,00000000000000000000000000000000,0000000034,0002,1171
FLR,00000000000000000000000000000000,0000000035,0000,1174
FLR,00000000000000000000000000000000,0000000034,0005,1178
FLR,00000000000000000000000000000000,0000000034,0004,1181
FLR,00000000000000000000000000000000,0000000034,0003,1185
FLR,00000000000000000000000000000000,0000000035,0002,1188
FLR,00000000000000000000000000000000,0000000035,0001,1192
FLR,00000000000000000000000000000000,0000000035,0004,1195
FLR,00000000000000000000000000000000,0000000035,0003,1199
FLR,00000000000000000000000000000000,0000000036,0001,1202
FLR,00000000000000000000000000000000,0000000036,0004,1206
FLR,00000000000000000000000000000000,0000000035,0005,1209
FLR,00000000000000000000000000000000,0000000036,0000,1213
FLR,00000000000000000000000000000000,0000000036,0003,1216
FLR,00000000000000000000000000000000,0000000036,0002,1220
FLR,00000000000000000000000000000000,0000000037,0000,1223
FLR,00000000000000000000000000000000,0000000036,0005,1227
FLR,00000000000000000000000000000000,0000000037,0003,1230
FLR,00000000000000000000000000000000,0000000037,0004,1234
FLR,00000000000000000000000000000000,0000000037,0002,1237
FLR,00000000000000000000000000000000,0000000037,0001,1241
FLR,00000000000000000000000000000000,0000000038,0001,1244
FLR,00000000000000000000000000000000,0000000037,0005,1248
FLR,00000000000000000000000000000000,0000000038,0000,1251
FLR,00000000000000000000000000000000,0000000038,0003,1255
FLR,00000000000000000000000000000000,0000000038,0002,1258
FLR,00000000000000000000000000000000,0000000038,0005,1262
FLR,00000000000000000000000000000000,0000000039,0000,1265
FLR,00000000000000000000000000000000,0000000038,0004,1269
FLR,00000000000000000000000000000000,0000000039,0002,1272
FLR,00000000000000000000000000000000,0000000039,0003,1276
FLR,00000000000000000000000000000000,0000000039,0004,1279
FLR,00000000000000000000000000000000,0000000039,0001,1283
FLR,00000000000000000000000000000000,0000000039,0005,1286
FLR,00000000000000000000000000000000,000000003A,0001,1290
FLR,00000000000000000000000000000000,000000003A,0000,1293
FLR,00000000000000000000000000000000,000000003A,0002,1297
FLR,00000000000000000000000000000000,000000003A,0003,1300
FLR,00000000000000000000000000000000,000000003A,0005,1304
FLR,00000000000000000000000000000000,000000003A,0004,1307
FLR,00000000000000000000000000000000,000000003B,0000,1311
FLR,00000000000000000000000000000000,000000003B,0004,1314
FLR,00000000000000000000000000000000,000000003B,0002,1318
FLR,00000000000000000000000000000000,000000003B,0001,1321
FLR,00000000000000000000000000000000,000000003B,0003,1325
FLR,00000000000000000000000000000000,000000003C,0001,1328
FLR,00000000000000000000000000000000,000000003C,0000,1332
FLR,00000000000000000000000000000000,000000003B,0005,1335
FLR,00000000000000000000000000000000,000000003C,0002,1339
FLR,00000000000000000000000000000000,000000003C,0004,1342
FLR,00000000000000000000000000000000,000000003D,0000,1346
FLR,00000000000000000000000000000000,000000003C,0005,1349
FLR,00000000000000000000000000000000,000000003C,0003,1353
FLR,00000000000000000000000000000000,000000003D,0001,1356
FLR,00000000000000000000000000000000,000000003D,0004,1360
FLR,00000000000000000000000000000000,000000003D,0003,1363
FLR,00000000000000000000000000000000,000000003D,0002,1367
FLR,00000000000000000000000000000000,000000003E,0002,1370
FLR,00000000000000000000000000000000,000000003D,0005,1374
FLR,00000000000000000000000000000000,000000003E,0001,1377
FLR,00000000000000000000000000000000,000000003E,0000,1381
FLR,00000000000000000000000000000000,000000003E,0004,1384
FLR,00000000000000000000000000000000,000000003E,0003,1388
FLR,00000000000000000000000000000000,000000003E,0005,1391
FLR,00000000000000000000000000000000,000000003F,0000,1395
FLR,00000000000000000000000000000000,000000003F,0003,1398
FLR,00000000000000000000000000000000,000000003F,0004,1402
FLR,00000000000000000000000000000000,000000003F,0001,1405
FLR,00000000000000000000000000000000,0000000040,0001,1409
FLR,00000000000000000000000000000000,000000003F,0002,1412
FLR,00000000000000000000000000000000,0000000040,0000,1416
FLR,00000000000000000000000000000000,0000000040,0002,1419
FLR,00000000000000000000000000000000,0000000041,0000,1423
FLR,00000000000000000000000000000000,000000003F,0005,1426
FLR,00000000000000000000000000000000,0000000040,0005,1430
FLR,00000000000000000000000000000000,0000000040,0003,1433
FLR,00000000000000000000000000000000,0000000040,0004,1437
FLR,00000000000000000000000000000000,0000000041,0002,1440
FLR,00000000000000000000000000000000,0000000041,0001,1444
FLR,00000000000000000000000000000000,0000000041,0004,1447
FLR,00000000000000000000000000000000,0000000041,0003,1451
FLR,00000000000000000000000000000000,0000000042,0001,1454
FLR,00000000000000000000000000000000,0000000041,0005,1458
FLR,00000000000000000000000000000000,0000000042,0000,1461
FLR,00000000000000000000000000000000,0000000042,0002,1465
FLR,00000000000000000000000000000000,0000000042,0004,1468
FLR,00000000000000000000000000000000,0000000043,0000,1472
FLR,00000000000000000000000000000000,0000000042,0005,1475
FLR,00000000000000000000000000000000,0000000042,0003,1479
FLR,00000000000000000000000000000000,0000000043,0002,1482
FLR,00000000000000000000000000000000,0000000043,0001,1486
FLR,00000000000000000000000000000000,0000000043,0004,1489
FLR,00000000000000000000000000000000,0000000043,0003,1493
FLR,00000000000000000000000000000000,0000000044,0000,1496
FLR,00000000000000000000000000000000,0000000044,0001,1500
FLR,00000000000000000000000000000000,0000000043,0005,1503
FLR,00000000000000000000000000000000,0000000044,0002,1507
FLR,00000000000000000000000000000000,0000000044,0005,1510
FLR,00000000000000000000000000000000,0000000045,0000,1514
FLR,00000000000000000000000000000000,0000000044,0004,1517
FLR,00000000000000000000000000000000,0000000045,0002,1521
FLR,00000000000000000000000000000000,0000000044,0003,1524
FLR,00000000000000000000000000000000,0000000045,0001,1528
FLR,00000000000000000000000000000000,0000000045,0004,1531
FLR,00000000000000000000000000000000,0000000045,0003,1535
FLR,00000000000000000000000000000000,0000000046,0000,1538
FLR,00000000000000000000000000000000,0000000045,0005,1542
FLR,00000000000000000000000000000000,0000000046,0001,1545
FLR,00000000000000000000000000000000,0000000046,0002,1549
FLR,00000000000000000000000000000000,0000000046,0005,1552
FLR,00000000000000000000000000000000,0000000046,0004,1556
FLR,00000000000000000000000000000000,0000000046,0003,1559
FLR,00000000000000000000000000000000,0000000047,0000,1563
FLR,00000000000000000000000000000000,0000000047,0002,1566
FLR,00000000000000000000000000000000,0000000047,0004,1570
FLR,00000000000000000000000000000000,0000000047,0003,1573
FLR,00000000000000000000000000000000,0000000047,0001,1577
FLR,00000000000000000000000000000000,0000000048,0001,1580
FLR,00000000000000000000000000000000,0000000048,0002,1584
FLR,00000000000000000000000000000000,0000000047,0005,1587
FLR,00000000000000000000000000000000,0000000048,0000,1591
FLR,00000000000000000000000000000000,0000000048,0003,1594
FLR,00000000000000000000000000000000,0000000049,0000,1598
FLR,00000000000000000000000000000000,0000000048,0005,1601
FLR,00000000000000000000000000000000,0000000048,0004,1605
FLR,00000000000000000000000000000000,0000000049,0003,1608
FLR,00000000000000000000000000000000,0000000049,0001,1612
FLR,00000000000000000000000000000000,0000000049,0002,1615
FLR,00000000000000000000000000000000,0000000049,0004,1619
FLR,00000000000000000000000000000000,000000004A,0002,1622
FLR,00000000000000000000000000000000,000000004A,0001,1626
FLR,00000000000000000000000000000000,0000000049,0005,1629
FLR,00000000000000000000000000000000,000000004A,0000,1633
FLR,00000000000000000000000000000000,000000004A,0003,1636
FLR,00000000000000000000000000000000,000000004A,0004,1640
FLR,00000000000000000000000000000000,000000004A,0005,1643
FLR,00000000000000000000000000000000,000000004B,0003,1647
FLR,00000000000000000000000000000000,000000004B,0000,1650
FLR,00000000000000000000000000000000,000000004B,0002,1654
FLR,00000000000000000000000000000000,000000004B,0004,1657
FLR,00000000000000000000000000000000,000000004B,0001,1661
FLR,00000000000000000000000000000000,000000004C,0002,1664
FLR,00000000000000000000000000000000,000000004B,0005,1668
FLR,00000000000000000000000000000000,000000004C,0001,1671
FLR,00000000000000000000000000000000,000000004C,0000,1675
FLR,00000000000000000000000000000000,000000004C,0004,1678
FLR,00000000000000000000000000000000,000000004C,0003,1682
FLR,00000000000000000000000000000000,000000004C,0005,1685
FLR,00000000000000000000000000000000,000000004D,0000,1689
FLR,00000000000000000000000000000000,000000004D,0004,1692
FLR,00000000000000000000000000000000,000000004D,0001,1696
FLR,00000000000000000000000000000000,000000004D,0003,1699
FLR,00000000000000000000000000000000,000000004D,0002,1703
FLR,00000000000000000000000000000000,000000004E,0002,1706
FLR,00000000000000000000000000000000,000000004E,0001,1710
FLR,00000000000000000000000000000000,000000004D,0005,1713
FLR,00000000000000000000000000000000,000000004E,0000,1717
FLR,00000000000000000000000000000000,000000004E,0004,1720
FLR,00000000000000000000000000000000,000000004E,0003,1724
FLR,00000000000000000000000000000000,000000004E,0005,1727
FLR,00000000000000000000000000000000,000000004F,0000,1731
FLR,00000000000000000000000000000000,000000004F,0002,1734
FLR,00000000000000000000000000000000,000000004F,0001,1738
FLR,00000000000000000000000000000000,000000004F,0003,1741
FLR,00000000000000000000000000000000,000000004F,0005,1745
FLR,00000000000000000000000000000000,000000004F,0004,1748
FLR,00000000000000000000000000000000,0000000050,0001,1752
FLR,00000000000000000000000000000000,0000000050,0000,1755
FLR,00000000000000000000000000000000,0000000050,0003,1759
FLR,00000000000000000000000000000000,0000000050,0002,1762
FLR,00000000000000000000000000000000,0000000051,0000,1766
FLR,00000000000000000000000000000000,0000000050,0004,1769
FLR,00000000000000000000000000000000,0000000050,0005,1773
FLR,00000000000000000000000000000000,0000000051,0004,1776
FLR,00000000000000000000000000000000,0000000051,0003,1780
FLR,00000000000000000000000000000000,0000000051,0002,1783
FLR,00000000000000000000000000000000,0000000052,0000,1787
FLR,00000000000000000000000000000000,0000000052,0002,1790
FLR,00000000000000000000000000000000,0000000051,0001,1794
FLR,00000000000000000000000000000000,0000000051,0005,1797
FLR,00000000000000000000000000000000,0000000052,0001,1801
FLR,00000000000000000000000000000000,0000000052,0004,1804
FLR,00000000000000000000000000000000,0000000052,0005,1808
FLR,00000000000000000000000000000000,0000000052,0003,1811
FLR,00000000000000000000000000000000,0000000053,0000,1815
FLR,00000000000000000000000000000000,0000000053,0001,1818
FLR,00000000000000000000000000000000,0000000053,0003,1822
FLR,00000000000000000000000000000000,0000000053,0002,1825
FLR,00000000000000000000000000000000,0000000054,0000,1829
FLR,00000000000000000000000000000000,0000000053,0004,1832
FLR,00000000000000000000000000000000,0000000053,0005,1836
FLR,00000000000000000000000000000000,0000000054,0001,1839
FLR,00000000000000000000000000000000,0000000054,0002,1843
FLR,00000000000000000000000000000000,0000000054,0004,1846
FLR,00000000000000000000000000000000,0000000054,0005,1850
FLR,00000000000000000000000000000000,0000000054,0003,1853
FLR,00000000000000000000000000000000,0000000055,0000,1857
FLR,00000000000000000000000000000000,0000000055,0002,1860
FLR,00000000000000000000000000000000,0000000055,0001,1864
FLR,00000000000000000000000000000000,0000000055,0003,1867
FLR,00000000000000000000000000000000,0000000055,0004,1871
FLR,00000000000000000000000000000000,0000000055,0005,1874
FLR,00000000000000000000000000000000,0000000056,0001,1878
FLR,00000000000000000000000000000000,0000000056,0003,1881
FLR,00000000000000000000000000000000,0000000056,0000,1885
FLR,00000000000000000000000000000000,0000000056,0005,1888
FLR,00000000000000000000000000000000,0000000056,0002,1892
FLR,00000000000000000000000000000000,0000000056,0004,1895
FLR,00000000000000000000000000000000,0000000057,0000,1899
FLR,00000000000000000000000000000000,0000000057,0002,1902
FLR,00000000000000000000000000000000,0000000057,0001,1906
FLR,00000000000000000000000000000000,0000000057,0004,1909
FLR,00000000000000000000000000000000,0000000057,0003,1913
FLR,00000000000000000000000000000000,0000000058,0001,1916
FLR,00000000000000000000000000000000,0000000057,0005,1920
FLR,00000000000000000000000000000000,0000000058,0000,1923
FLR,00000000000000000000000000000000,0000000058,0002,1927
FLR,00000000000000000000000000000000,0000000059,0000,1930
FLR,00000000000000000000000000000000,0000000058,0003,1934
FLR,00000000000000000000000000000000,0000000058,0004,1937
FLR,00000000000000000000000000000000,0000000058,0005,1941
FLR,00000000000000000000000000000000,0000000059,0004,1944
FLR,00000000000000000000000000000000,0000000059,0001,1948
FLR,00000000000000000000000000000000,0000000059,0003,1951
FLR,00000000000000000000000000000000,0000000059,0002,1955
FLR,00000000000000000000000000000000,000000005A,0002,1958
FLR,00000000000000000000000000000000,000000005A,0000,1962
FLR,00000000000000000000000000000000,000000005A,0001,1965
FLR,00000000000000000000000000000000,0000000059,0005,1969
FLR,00000000000000000000000000000000,000000005A,0003,1972
FLR,00000000000000000000000000000000,000000005B,0000,1976
FLR,00000000000000000000000000000000,000000005A,0005,1979
FLR,00000000000000000000000000000000,000000005B,0002,1983
FLR,00000000000000000000000000000000,000000005A,0004,1986
FLR,00000000000000000000000000000000,000000005B,0004,1990
FLR,00000000000000000000000000000000,000000005B,0001,1993
FLR,00000000000000000000000000000000,000000005B,0003,1997
FLR,00000000000000000000000000000000,000000005B,0005,2000
FLR,00000000000000000000000000000000,000000005C,0002,2004
FLR,00000000000000000000000000000000,000000005C,0001,2007
FLR,00000000000000000000000000000000,000000005C,0000,2011
FLR,00000000000000000000000000000000,000000005C,0004,2014
FLR,00000000000000000000000000000000,000000005D,0000,2018
FLR,00000000000000000000000000000000,000000005C,0005,2021
FLR,00000000000000000000000000000000,000000005C,0003,2025
FLR,00000000000000000000000000000000,000000005D,0004,2028
FLR,00000000000000000000000000000000,000000005D,0002,2032
FLR,00000000000000000000000000000000,000000005D,0001,2035
FLR,00000000000000000000000000000000,000000005D,0005,2039
FLR,00000000000000000000000000000000,000000005D,0003,2042
FLR,00000000000000000000000000000000,000000005E,0000,2046
FLR,00000000000000000000000000000000,000000005E,0001,2049
FLR,00000000000000000000000000000000,000000005E,0003,2053
FLR,00000000000000000000000000000000,000000005E,0002,2056
FLR,00000000000000000000000000000000,000000005E,0005,2060
FLR,00000000000000000000000000000000,000000005E,0004,2063
FLR,00000000000000000000000000000000,000000005F,0000,2067
FLR,00000000000000000000000000000000,000000005F,0002,2070
FLR,00000000000000000000000000000000,000000005F,0004,2074
FLR,00000000000000000000000000000000,000000005F,0001,2077
FLR,00000000000000000000000000000000,000000005F,0003,2081
FLR,00000000000000000000000000000000,0000000060,0000,2084
FLR,00000000000000000000000000000000,000000005F,0005,2088
FLR,00000000000000000000000000000000,0000000060,0001,2091
FLR,00000000000000000000000000000000,0000000060,0002,2095
FLR,00000000000000000000000000000000,0000000060,0005,2098
FLR,00000000000000000000000000000000,0000000060,0004,2102
FLR,00000000000000000000000000000000,0000000060,0003,2105
FLR,00000000000000000000000000000000,0000000061,0000,2109
FLR,00000000000000000000000000000000,0000000061,0002,2112
FLR,00000000000000000000000000000000,0000000061,0003,2116
FLR,00000000000000000000000000000000,0000000061,0004,2119
FLR,00000000000000000000000000000000,0000000061,0001,2123
FLR,00000000000000000000000000000000,0000000062,0000,2126
FLR,00000000000000000000000000000000,0000000061,0005,2130
FLR,00000000000000000000000000000000,0000000062,0002,2133
FLR,00000000000000000000000000000000,0000000062,0001,2137
FLR,00000000000000000000000000000000,0000000062,0003,2140
FLR,00000000000000000000000000000000,0000000062,0005,2144
FLR,00000000000000000000000000000000,0000000063,0000,2147
FLR,00000000000000000000000000000000,0000000063,0001,2151
FLR,00000000000000000000000000000000,0000000062,0004,2154
FLR,00000000000000000000000000000000,0000000063,0004,2158
FLR,00000000000000000000000000000000,0000000063,0003,2161
FLR,00000000000000000000000000000000,0000000063,0002,2165
FLR,00000000000000000000000000000000,0000000064,0002,2168
FLR,00000000000000000000000000000000,0000000064,0001,2172
FLR,00000000000000000000000000000000,0000000064,0000,2175
FLR,00000000000000000000000000000000,0000000063,0005,2179
FLR,00000000000000000000000000000000,0000000064,0003,2182
FLR,00000000000000000000000000000000,0000000064,0004,2186
FLR,00000000000000000000000000000000,0000000064,0005,2189
FLR,00000000000000000000000000000000,0000000065,0000,2193
FLR,00000000000000000000000000000000,0000000065,0002,2196
FLR,00000000000000000000000000000000,0000000065,0001,2200
FLR,00000000000000000000000000000000,0000000065,0004,2203
FLR,00000000000000000000000000000000,0000000065,0003,2207
FLR,00000000000000000000000000000000,0000000066,0002,2210
FLR,00000000000000000000000000000000,0000000065,0005,2214
FLR,00000000000000000000000000000000,0000000066,0001,2217
FLR,00000000000000000000000000000000,0000000066,0000,2221
FLR,00000000000000000000000000000000,0000000067,0000,2224
FLR,00000000000000000000000000000000,0000000066,0003,2228
FLR,00000000000000000000000000000000,0000000066,0005,2231
FLR,00000000000000000000000000000000,0000000066,0004,2235
FLR,00000000000000000000000000000000,0000000067,0002,2238
FLR,00000000000000000000000000000000,0000000067,0003,2242
FLR,00000000000000000000000000000000,0000000067,0004,2245
FLR,00000000000000000000000000000000,0000000067,0001,2249
FLR,00000000000000000000000000000000,0000000068,0000,2252
FLR,00000000000000000000000000000000,0000000067,0005,2256
FLR,00000000000000000000000000000000,0000000068,0001,2259
FLR,00000000000000000000000000000000,0000000068,0002,2263
FLR,00000000000000000000000000000000,0000000068,0003,2266
FLR,00000000000000000000000000000000,0000000068,0005,2270
FLR,00000000000000000000000000000000,0000000068,0004,2273
FLR,00000000000000000000000000000000,0000000069,0000,2277
FLR,00000000000000000000000000000000,0000000069,0001,2280
FLR,00000000000000000000000000000000,0000000069,0004,2284
FLR,00000000000000000000000000000000,0000000069,0002,2287
FLR,00000000000000000000000000000000,000000006A,0001,2291
FLR,00000000000000000000000000000000,0000000069,0003,2294
FLR,00000000000000000000000000000000,0000000069,0005,2298
FLR,00000000000000000000000000000000,000000006A,0000,2301
FLR,00000000000000000000000000000000,000000006A,0002,2305
FLR,00000000000000000000000000000000,000000006A,0003,2308
FLR,00000000000000000000000000000000,000000006B,0000,2312
FLR,00000000000000000000000000000000,000000006A,0004,2315
FLR,00000000000000000000000000000000,000000006A,0005,2319
FLR,00000000000000000000000000000000,000000006B,0002,2322
FLR,00000000000000000000000000000000,000000006B,0001,2326
FLR,00000000000000000000000000000000,000000006B,0004,2329
FLR,00000000000000000000000000000000,000000006B,0003,2333
FLR,00000000000000000000000000000000,000000006B,0005,2336
FLR,00000000000000000000000000000000,000000006C,0000,2340
FLR,00000000000000000000000000000000,000000006C,0002,2343
FLR,00000000000000000000000000000000,000000006C,0001,2347
FLR,00000000000000000000000000000000,000000006C,0003,2350
FLR,00000000000000000000000000000000,000000006D,0000,2354
FLR,00000000000000000000000000000000,000000006C,0005,2357
FLR,00000000000000000000000000000000,000000006C,0004,2361
FLR,00000000000000000000000000000000,000000006D,0004,2364
FLR,00000000000000000000000000000000,000000006D,0001,2368
FLR,00000000000000000000000000000000,000000006D,0003,2371
FLR,00000000000000000000000000000000,000000006D,0002,2375
FLR,00000000000000000000000000000000,000000006E,0002,2378
FLR,00000000000000000000000000000000,000000006D,0005,2382
FLR,00000000000000000000000000000000,000000006E,0001,2385
FLR,00000000000000000000000000000000,000000006E,0000,2389
FLR,00000000000000000000000000000000,000000006E,0005,2392
FLR,00000000000000000000000000000000,000000006F,0000,2396
FLR,00000000000000000000000000000000,000000006E,0004,2399
FLR,00000000000000000000000000000000,000000006E,0003,2403
FLR,00000000000000000000000000000000,000000006F,0004,2406
FLR,00000000000000000000000000000000,000000006F,0001,2410
FLR,00000000000000000000000000000000,000000006F,0002,2413
FLR,00000000000000000000000000000000,000000006F,0005,2417
FLR,00000000000000000000000000000000,000000006F,0003,2420
FLR,00000000000000000000000000000000,0000000070,0002,2424
FLR,00000000000000000000000000000000,0000000070,0001,2427
FLR,00000000000000000000000000000000,0000000070,0000,2431
FLR,00000000000000000000000000000000,0000000071,0000,2434
FLR,00000000000000000000000000000000,0000000070,0003,2438
FLR,00000000000000000000000000000000,0000000070,0004,2441
FLR,00000000000000000000000000000000,0000000070,0005,2445
FLR,00000000000000000000000000000000,0000000071,0003,2448
FLR,00000000000000000000000000000000,0000000071,0002,2452
FLR,00000000000000000000000000000000,0000000071,0004,2455
FLR,00000000000000000000000000000000,0000000071,0001,2459
FLR,00000000000000000000000000000000,0000000072,0002,2462
FLR,00000000000000000000000000000000,0000000071,0005,2466
FLR,00000000000000000000000000000000,0000000072,0000,2469
FLR,00000000000000000000000000000000,0000000072,0001,2473
FLR,00000000000000000000000000000000,0000000072,0004,2476
FLR,00000000000000000000000000000000,0000000072,0003,2480
FLR,00000000000000000000000000000000,0000000072,0005,2483
FLR,00000000000000000000000000000000,0000000073,0000,2487
FLR,00000000000000000000000000000000,0000000073,0002,2490
FLR,00000000000000000000000000000000,0000000073,0004,2494
FLR,00000000000000000000000000000000,0000000073,0001,2497
FLR,00000000000000000000000000000000,0000000073,0003,2501
FLR,00000000000000000000000000000000,0000000074,0000,2504
FLR,00000000000000000000000000000000,0000000073,0005,2508
FLR,00000000000000000000000000000000,0000000074,0002,2511
FLR,00000000000000000000000000000000,0000000074,0001,2515
FLR,00000000000000000000000000000000,0000000075,0000,2518
FLR,00000000000000000000000000000000,0000000074,0003,2522
FLR,00000000000000000000000000000000,0000000074,0005,2525
FLR,00000000000000000000000000000000,0000000074,0004,2529
FLR,00000000000000000000000000000000,0000000075,0001,2532
FLR,00000000000000000000000000000000,0000000075,0004,2536
FLR,00000000000000000000000000000000,0000000075,0002,2539
FLR,00000000000000000000000000000000,0000000075,0003,2543
FLR,00000000000000000000000000000000,0000000076,0000,2546
FLR,00000000000000000000000000000000,0000000076,0002,2550
FLR,00000000000000000000000000000000,0000000076,0001,2553
FLR,00000000000000000000000000000000,0000000075,0005,2557
FLR,00000000000000000000000000000000,0000000076,0003,2560
FLR,00000000000000000000000000000000,0000000077,0000,2564
FLR,00000000000000000000000000000000,0000000076,0005,2567
FLR,00000000000000000000000000000000,0000000076,0004,2571
FLR,00000000000000000000000000000000,0000000077,0002,2574
FLR,00000000000000000000000000000000,0000000077,0001,2578
FLR,00000000000000000000000000000000,0000000077,0003,2581
FLR,00000000000000000000000000000000,0000000077,0005,2585
FLR,00000000000000000000000000000000,0000000077,0004,2588
FLR,00000000000000000000000000000000,0000000078,0001,2592
FLR,00000000000000000000000000000000,0000000078,0002,2595
FLR,00000000000000000000000000000000,0000000078,0000,2599
FLR,00000000000000000000000000000000,0000000078,0005,2602
FLR,00000000000000000000000000000000,0000000078,0003,2606
FLR,00000000000000000000000000000000,0000000078,0004,2609
FLR,00000000000000000000000000000000,0000000079,0000,2613
FLR,00000000000000000000000000000000,0000000079,0003,2616
FLR,00000000000000000000000000000000,0000000079,0002,2620
FLR,00000000000000000000000000000000,0000000079,0001,2623
FLR,00000000000000000000000000000000,0000000079,0004,2627
FLR,00000000000000000000000000000000,000000007A,0000,2630
FLR,00000000000000000000000000000000,0000000079,0005,2634
FLR,00000000000000000000000000000000,000000007A,0001,2637
FLR,00000000000000000000000000000000,000000007A,0003,2641
FLR,00000000000000000000000000000000,000000007A,0002,2644
FLR,00000000000000000000000000000000,000000007A,0005,2648
FLR,00000000000000000000000000000000,000000007B,0000,2651
FLR,00000000000000000000000000000000,000000007A,0004,2655
FLR,00000000000000000000000000000000,000000007B,0003,2658
FLR,00000000000000000000000000000000,000000007B,0001,2662
FLR,00000000000000000000000000000000,000000007B,0002,2665
FLR,00000000000000000000000000000000,000000007B,0004,2669
FLR,00000000000000000000000000000000,000000007C,0001,2672
FLR,00000000000000000000000000000000,000000007B,0005,2676
FLR,00000000000000000000000000000000,000000007C,0000,2679
FLR,00000000000000000000000000000000,000000007C,0002,2683
FLR,00000000000000000000000000000000,000000007C,0003,2686
FLR,00000000000000000000000000000000,000000007C,0005,2690
FLR,00000000000000000000000000000000,000000007C,0004,2693
FLR,00000000000000000000000000000000,000000007D,0000,2697
FLR,00000000000000000000000000000000,000000007D,0003,2700
FLR,00000000000000000000000000000000,000000007D,0004,2704
FLR,00000000000000000000000000000000,000000007D,0001,2707
FLR,00000000000000000000000000000000,000000007D,0002,2710
FLR,00000000000000000000000000000000,000000007D,0005,2713
FLR,00000000000000000000000000000000,000000007E,0002,2716
FLR,00000000000000000000000000000000,000000007E,0000,2719
FLR,00000000000000000000000000000000,000000007E,0001,2722
FLR,00000000000000000000000000000000,000000007E,0003,2725
FLR,00000000000000000000000000000000,000000007F,0000,2728
FLR,00000000000000000000000000000000,000000007E,0005,2731
FLR,00000000000000000000000000000000,000000007E,0004,2734
FLR,00000000000000000000000000000000,000000007F,0001,2737
FLR,00000000000000000000000000000000,000000007F,0003,2740
FLR,00000000000000000000000000000000,000000007F,0002,2743
FLR,00000000000000000000000000000000,000000007F,0004,2746
FLR,00000000000000000000000000000000,000000007F,0005,2749
